Device: xla:0
TPU Cores: 1
PyTorch Version: 2.9.0+cpu
Average step time: 0.006049s
Total training time: 0.30s
Initial loss: 4.7204
Final loss: 1.5594
Loss decrease: 3.1610 (67.0%)

Step,Time(s),Loss
0,0.007569,4.7204
1,0.005887,4.8763
2,0.005626,4.5895
3,0.005899,4.5473
4,0.006247,3.8377
5,0.005972,3.3650
6,0.005874,4.6668
7,0.006153,1.5463
8,0.005960,4.2343
9,0.006588,0.3024
10,0.006091,0.1181
11,0.005704,4.6425
12,0.005846,7.9008
13,0.005735,7.8687
14,0.005757,5.9269
15,0.005681,5.4074
16,0.006476,5.8747
17,0.005729,10.2063
18,0.005877,3.0841
19,0.005828,3.5306
20,0.006134,0.7332
21,0.005779,4.0151
22,0.005944,0.5011
23,0.006019,0.6957
24,0.006049,4.0333
25,0.006128,2.2122
26,0.006185,3.1728
27,0.005942,0.5971
28,0.005969,2.4900
29,0.005819,3.7669
30,0.005948,2.2761
31,0.005827,1.9551
32,0.005858,0.4923
33,0.006171,2.5373
34,0.006146,0.7789
35,0.005748,0.7996
36,0.006075,0.3564
37,0.005936,5.1233
38,0.006505,4.0941
39,0.006113,2.9209
40,0.006108,1.8942
41,0.006255,5.6607
42,0.005880,0.5147
43,0.007371,1.5227
44,0.006496,1.3472
45,0.005919,3.8460
46,0.005830,3.6603
47,0.006059,2.9301
48,0.005727,0.9861
49,0.006031,1.5594
